2015-10-12__12_10_40|17|allPlayers11_125__DS11|2|4|1309|1052|2|4|(0, 0), (5, 0), (9, 0), (1, 0), (3, 0), (7, 0), (10, 0), (6, 0), (8, 0), (2, 0), (4, 0)|(0, 0), (5, 0), (1, 0), (3, 0), (6, 1), (6, 0), (2, 0), (4, 0)|(0, 0), (1, 0), (3, 0), (2, 0), (4, 0)|(0, 0), (0, 3), (0, 1), (2, 1), (1, 0), (2, 3), (3, 0), (0, 2), (1, 3), (3, 3), (2, 0)|(0, 0), (0, 5), (1, 6), (0, 3), (0, 1), (0, 4), (0, 6), (0, 2)|(0, 0), (0, 1), (2, 1), (1, 1), (2, 0)
2015-10-12__12_10_40|1547|allPlayers11_125__DS12|2|5|1334|973|2|5|(0, 0), (5, 0), (9, 0), (1, 0), (3, 0), (7, 0), (10, 0), (6, 0), (8, 0), (2, 0), (4, 0)|(0, 0), (5, 0), (1, 0), (3, 0), (7, 0), (6, 0), (2, 0), (4, 0)|(0, 0), (1, 0), (3, 0), (2, 0), (4, 0)|(0, 0), (3, 4), (4, 5), (0, 1), (1, 2), (2, 3), (5, 5), (3, 3), (4, 4), (2, 2), (1, 1)|(0, 0), (0, 1), (2, 1), (1, 2), (1, 0), (3, 0), (1, 1), (2, 0)|(0, 0), (0, 1), (1, 0), (1, 1), (2, 0)
2015-10-12__12_10_40|19|allPlayers11_125__DS15|2|8|1096|960|2|8|(0, 0), (5, 0), (9, 0), (1, 0), (3, 0), (7, 0), (10, 0), (6, 0), (8, 0), (2, 0), (4, 0)|(0, 0), (5, 0), (1, 0), (3, 0), (6, 1), (6, 0), (2, 0), (4, 0)|(0, 0), (1, 0), (3, 0), (3, 1), (2, 0)|(0, 0), (1, 4), (0, 3), (1, 2), (2, 1), (1, 0), (2, 3), (0, 4), (1, 3), (2, 2), (1, 1)|(0, 0), (0, 5), (1, 6), (0, 3), (0, 1), (0, 4), (0, 6), (0, 2)|(0, 0), (0, 1), (1, 2), (1, 0), (0, 2)
2015-10-12__12_10_40|349|allPlayers11_125__DS19|3|4|1072|1247|4|3|(0, 0), (5, 0), (9, 0), (1, 0), (3, 0), (7, 0), (10, 0), (6, 0), (8, 0), (2, 0), (4, 0)|(0, 0), (5, 0), (1, 0), (3, 0), (6, 1), (6, 0), (2, 0), (4, 0)|(0, 0), (1, 0), (3, 0), (2, 0), (4, 0)|(0, 0), (0, 3), (0, 1), (2, 1), (1, 0), (2, 3), (3, 0), (0, 2), (1, 3), (3, 3), (2, 0)|(0, 0), (0, 5), (1, 6), (0, 3), (0, 1), (0, 4), (0, 6), (0, 2)|(0, 0), (0, 1), (2, 1), (1, 1), (2, 0)
2015-10-12__12_10_40|486|allPlayers11_125__DS21|3|6|994|965|3|6|(0, 0), (5, 0), (9, 0), (1, 0), (3, 0), (7, 0), (9, 1), (6, 0), (8, 0), (2, 0), (4, 0)|(0, 0), (5, 0), (1, 0), (3, 0), (7, 0), (6, 0), (2, 0), (4, 0)|(0, 0), (0, 1), (1, 0), (3, 0), (2, 0)|(0, 0), (0, 5), (5, 0), (0, 3), (0, 1), (1, 0), (3, 0), (0, 4), (0, 2), (2, 0), (4, 0)|(0, 0), (0, 3), (0, 1), (1, 2), (2, 1), (1, 0), (0, 2), (1, 1)|(0, 0), (0, 3), (0, 1), (1, 0), (0, 2)
2015-10-12__12_10_40|137|allPlayers11_125__DS22|3|7|1006|1017|7|3|(0, 0), (5, 0), (9, 0), (0, 1), (1, 0), (3, 0), (7, 0), (6, 0), (8, 0), (2, 0), (4, 0)|(0, 0), (5, 0), (0, 1), (1, 0), (3, 0), (6, 0), (2, 0), (4, 0)|(0, 0), (1, 0), (3, 0), (2, 0), (1, 1)|(0, 0), (5, 0), (9, 0), (1, 0), (3, 0), (7, 0), (9, 1), (6, 0), (8, 0), (2, 0), (4, 0)|(0, 0), (5, 0), (1, 0), (3, 0), (6, 1), (6, 0), (2, 0), (4, 0)|(0, 0), (2, 1), (1, 0), (3, 0), (2, 0)
2015-10-12__12_10_40|920|allPlayers11_125__DS23|3|8|1097|967|3|8|(0, 0), (5, 0), (9, 0), (1, 0), (3, 0), (7, 0), (10, 0), (6, 0), (8, 0), (2, 0), (4, 0)|(0, 0), (5, 0), (1, 0), (3, 0), (6, 1), (6, 0), (2, 0), (4, 0)|(0, 0), (1, 0), (3, 0), (3, 1), (2, 0)|(0, 0), (1, 4), (0, 3), (1, 2), (2, 1), (1, 0), (2, 3), (0, 4), (1, 3), (2, 2), (1, 1)|(0, 0), (0, 5), (1, 6), (0, 3), (0, 1), (0, 4), (0, 6), (0, 2)|(0, 0), (0, 1), (1, 2), (1, 0), (0, 2)
2015-10-12__12_10_40|8|allPlayers11_125__DS25|4|1|1330|955|4|1|(0, 0), (0, 3), (0, 1), (1, 0), (2, 3), (3, 0), (0, 2), (1, 3), (3, 3), (1, 1), (2, 0)|(0, 0), (0, 5), (0, 3), (0, 1), (1, 0), (0, 4), (0, 6), (0, 2)|(0, 1), (2, 1), (1, 0), (1, 1), (2, 0)|(0, 0), (0, 5), (0, 10), (0, 7), (0, 8), (0, 3), (0, 1), (0, 4), (0, 6), (0, 9), (0, 2)|(0, 0), (0, 5), (0, 3), (0, 1), (0, 4), (0, 6), (0, 2), (1, 3)|(0, 0), (0, 3), (0, 1), (0, 4), (0, 2)
2015-10-12__12_10_40|16|allPlayers11_125__DS26|4|2|1038|1417|2|4|(0, 0), (0, 3), (0, 1), (1, 0), (2, 3), (3, 0), (0, 2), (1, 3), (3, 3), (3, 1), (2, 0)|(0, 0), (0, 5), (1, 6), (0, 3), (0, 1), (0, 4), (0, 6), (0, 2)|(0, 0), (0, 1), (2, 1), (1, 0), (1, 1)|(0, 0), (5, 0), (9, 0), (1, 0), (3, 0), (7, 0), (10, 0), (6, 0), (8, 0), (2, 0), (4, 0)|(0, 0), (5, 0), (1, 0), (3, 0), (6, 1), (6, 0), (2, 0), (4, 0)|(0, 0), (1, 0), (3, 0), (2, 0), (4, 0)
2015-10-12__12_10_40|166|allPlayers11_125__DS27|4|3|895|1071|3|4|(0, 0), (0, 3), (0, 1), (2, 1), (1, 0), (2, 3), (3, 0), (0, 2), (1, 3), (3, 3), (2, 0)|(0, 0), (0, 3), (0, 1), (1, 2), (1, 0), (0, 2), (1, 3), (1, 1)|(0, 0), (0, 3), (0, 1), (1, 2), (0, 2)|(0, 0), (5, 0), (9, 0), (1, 0), (3, 0), (7, 0), (10, 0), (6, 0), (8, 0), (2, 0), (4, 0)|(0, 0), (5, 0), (2, 1), (1, 0), (3, 0), (6, 0), (2, 0), (4, 0)|(0, 0), (2, 1), (1, 0), (3, 0), (2, 0)
2015-10-12__12_10_40|383|allPlayers11_125__DS29|4|6|879|943|6|4|(0, 0), (0, 3), (0, 1), (2, 1), (1, 0), (2, 3), (3, 0), (0, 2), (1, 3), (3, 3), (2, 0)|(0, 0), (0, 5), (1, 6), (0, 3), (0, 1), (0, 4), (0, 6), (0, 2)|(0, 0), (0, 3), (0, 1), (1, 0), (0, 2)|(0, 0), (0, 5), (0, 10), (0, 7), (0, 8), (0, 3), (0, 1), (0, 4), (0, 6), (0, 9), (0, 2)|(0, 0), (0, 5), (0, 3), (0, 1), (1, 0), (0, 4), (0, 6), (0, 2)|(0, 0), (0, 1), (1, 2), (0, 2), (1, 3)
2015-10-12__12_10_40|733|allPlayers11_125__DS35|5|3|965|1278|3|5|(0, 0), (3, 4), (4, 5), (0, 1), (1, 2), (2, 3), (5, 5), (3, 3), (4, 4), (2, 2), (1, 1)|(0, 0), (0, 1), (2, 1), (1, 2), (1, 0), (3, 0), (1, 1), (2, 0)|(0, 0), (0, 1), (1, 0), (1, 1), (2, 0)|(0, 0), (5, 0), (9, 0), (1, 0), (3, 0), (7, 0), (10, 0), (6, 0), (8, 0), (2, 0), (4, 0)|(0, 0), (5, 0), (1, 0), (3, 0), (7, 0), (6, 0), (2, 0), (4, 0)|(0, 0), (1, 0), (3, 0), (2, 0), (4, 0)
2015-10-12__12_10_40|1766|allPlayers11_125__DS45|6|5|1315|853|6|5|(0, 0), (0, 5), (0, 10), (0, 7), (0, 8), (0, 3), (0, 1), (0, 4), (0, 6), (0, 9), (0, 2)|(0, 0), (0, 5), (0, 7), (0, 3), (0, 1), (0, 4), (0, 6), (0, 2)|(0, 0), (0, 1), (1, 0), (0, 2), (1, 1)|(0, 0), (3, 4), (4, 5), (0, 1), (1, 2), (2, 3), (5, 5), (3, 3), (4, 4), (2, 2), (1, 1)|(0, 0), (0, 1), (2, 1), (1, 2), (1, 0), (3, 0), (1, 1), (2, 0)|(0, 0), (0, 1), (1, 0), (1, 1), (2, 0)
2015-10-12__12_10_40|368|allPlayers11_125__DS46|6|7|996|1026|7|6|(0, 0), (0, 5), (5, 0), (0, 3), (0, 1), (1, 0), (3, 0), (0, 4), (0, 2), (2, 0), (4, 0)|(0, 0), (0, 3), (0, 1), (1, 2), (2, 1), (1, 0), (0, 2), (1, 1)|(0, 0), (0, 3), (0, 1), (0, 2), (1, 1)|(0, 0), (5, 0), (9, 0), (1, 0), (3, 0), (7, 0), (9, 1), (6, 0), (8, 0), (2, 0), (4, 0)|(0, 0), (5, 0), (1, 0), (3, 0), (7, 0), (6, 0), (2, 0), (4, 0)|(0, 0), (0, 1), (1, 0), (3, 0), (2, 0)
2015-10-12__12_10_40|17|allPlayers11_125__DS50|7|2|1114|974|7|2|(0, 0), (5, 0), (9, 0), (1, 0), (3, 0), (7, 0), (9, 1), (6, 0), (8, 0), (2, 0), (4, 0)|(0, 0), (5, 0), (1, 0), (3, 0), (6, 1), (6, 0), (2, 0), (4, 0)|(0, 0), (1, 0), (3, 0), (2, 0), (1, 1)|(0, 5), (1, 4), (5, 0), (3, 2), (4, 1), (2, 3), (1, 5), (4, 2), (3, 3), (2, 4), (5, 1)|(0, 0), (3, 4), (0, 1), (1, 2), (2, 3), (3, 3), (2, 2), (1, 1)|(0, 0), (1, 0), (3, 0), (3, 1), (2, 0)
2015-10-12__12_10_41|14|allPlayers11_125__DS55|7|8|1074|935|7|8|(0, 0), (5, 0), (9, 0), (1, 0), (3, 0), (7, 0), (10, 0), (6, 0), (8, 0), (2, 0), (4, 0)|(0, 0), (5, 0), (1, 0), (3, 0), (6, 1), (6, 0), (2, 0), (4, 0)|(0, 0), (1, 0), (3, 0), (3, 1), (2, 0)|(0, 0), (1, 4), (0, 3), (1, 2), (2, 1), (1, 0), (2, 3), (0, 4), (1, 3), (2, 2), (1, 1)|(0, 0), (0, 5), (1, 6), (0, 3), (0, 1), (0, 4), (0, 6), (0, 2)|(0, 0), (0, 1), (1, 2), (1, 0), (0, 2)
2015-10-12__12_10_40|626|allPlayers11_125__DS62|8|6|901|1091|6|8|(0, 0), (1, 4), (0, 3), (1, 2), (2, 1), (1, 0), (2, 3), (0, 4), (1, 3), (2, 2), (1, 1)|(0, 0), (0, 5), (1, 6), (0, 3), (0, 1), (0, 4), (0, 6), (0, 2)|(0, 0), (0, 1), (1, 2), (1, 0), (0, 2)|(0, 0), (0, 5), (0, 10), (0, 7), (0, 8), (0, 3), (0, 1), (0, 4), (0, 6), (0, 9), (0, 2)|(0, 0), (0, 5), (0, 3), (0, 1), (1, 0), (0, 4), (0, 6), (0, 2)|(0, 0), (0, 3), (0, 1), (1, 0), (0, 2)
2015-10-12__12_10_40|14|allPlayers11_125__DS63|8|7|957|1078|7|8|(0, 0), (1, 4), (0, 3), (1, 2), (2, 1), (1, 0), (2, 3), (0, 4), (1, 3), (2, 2), (1, 1)|(0, 0), (0, 5), (1, 6), (0, 3), (0, 1), (0, 4), (0, 6), (0, 2)|(0, 0), (0, 1), (1, 2), (1, 0), (0, 2)|(0, 0), (5, 0), (9, 0), (1, 0), (3, 0), (7, 0), (10, 0), (6, 0), (8, 0), (2, 0), (4, 0)|(0, 0), (5, 0), (1, 0), (3, 0), (6, 1), (6, 0), (2, 0), (4, 0)|(0, 0), (1, 0), (3, 0), (3, 1), (2, 0)
2015-10-12__12_10_40|393|allPlayers11_125__DS67|9|3|1037|1175|3|9|(0, 0), (5, 0), (5, 4), (1, 0), (3, 0), (5, 2), (5, 5), (5, 1), (2, 0), (4, 0), (5, 3)|(0, 0), (2, 1), (1, 0), (3, 0), (4, 1), (3, 1), (2, 0), (1, 1)|(0, 0), (0, 1), (1, 0), (3, 0), (2, 0)|(0, 0), (5, 0), (9, 0), (1, 0), (3, 0), (7, 0), (10, 0), (6, 0), (8, 0), (2, 0), (4, 0)|(0, 0), (5, 0), (1, 0), (3, 0), (7, 0), (6, 0), (2, 0), (4, 0)|(0, 0), (1, 0), (3, 0), (3, 1), (2, 0)
2015-10-12__12_10_41|1228|allPlayers11_125__DS69|9|5|1031|1172|5|9|(0, 0), (5, 0), (5, 4), (1, 0), (3, 0), (5, 2), (5, 5), (5, 1), (2, 0), (4, 0), (5, 3)|(0, 0), (2, 1), (1, 0), (3, 0), (4, 1), (3, 1), (2, 0), (1, 1)|(0, 0), (1, 0), (3, 0), (2, 0), (4, 0)|(0, 0), (3, 4), (4, 5), (0, 1), (1, 2), (2, 3), (5, 5), (3, 3), (4, 4), (2, 2), (1, 1)|(0, 0), (0, 1), (2, 1), (1, 2), (1, 0), (3, 0), (1, 1), (2, 0)|(0, 0), (0, 1), (1, 0), (1, 1), (2, 0)
2015-10-12__12_10_40|19|allPlayers11_125__DS72|9|8|1003|989|9|8|(0, 0), (5, 0), (5, 4), (1, 0), (3, 0), (5, 2), (5, 5), (5, 1), (2, 0), (4, 0), (5, 3)|(0, 0), (2, 1), (1, 0), (3, 0), (4, 1), (3, 1), (2, 0), (1, 1)|(0, 0), (0, 1), (1, 0), (3, 0), (2, 0)|(0, 0), (1, 4), (0, 3), (1, 2), (2, 1), (1, 0), (2, 3), (0, 4), (1, 3), (2, 2), (1, 1)|(0, 0), (1, 4), (0, 1), (1, 2), (1, 0), (0, 2), (1, 3), (1, 1)|(0, 0), (0, 1), (1, 2), (1, 0), (0, 2)
2015-10-12__12_10_40|1016|allPlayers11_125__DS100|4|5|847|1020|5|4|(0, 0), (3, 2), (0, 3), (0, 1), (1, 0), (2, 3), (3, 0), (0, 2), (1, 3), (3, 3), (2, 0)|(0, 0), (5, 0), (1, 0), (3, 0), (7, 0), (6, 0), (2, 0), (4, 0)|(0, 0), (1, 0), (3, 0), (2, 0), (4, 0)|(0, 0), (3, 4), (4, 5), (0, 1), (1, 2), (2, 3), (5, 5), (3, 3), (4, 4), (2, 2), (1, 1)|(0, 0), (0, 1), (2, 1), (1, 2), (1, 0), (3, 0), (1, 1), (2, 0)|(0, 0), (0, 1), (2, 1), (1, 0), (1, 1)
2015-10-12__12_10_40|18|allPlayers11_125__DS122|7|2|1070|957|7|2|(0, 0), (5, 0), (9, 0), (1, 0), (3, 0), (7, 0), (9, 1), (6, 0), (8, 0), (2, 0), (4, 0)|(0, 0), (5, 0), (1, 0), (3, 0), (6, 1), (6, 0), (2, 0), (4, 0)|(0, 0), (0, 1), (1, 0), (3, 0), (2, 0)|(0, 5), (1, 4), (5, 0), (3, 2), (4, 1), (2, 3), (1, 5), (4, 2), (3, 3), (2, 4), (5, 1)|(0, 0), (3, 4), (0, 1), (1, 2), (2, 3), (3, 3), (2, 2), (1, 1)|(0, 0), (1, 0), (3, 0), (3, 1), (2, 0)
2015-10-12__12_10_40|64|allPlayers11_125__DS123|7|3|1046|1038|7|3|(0, 0), (5, 0), (9, 0), (1, 0), (3, 0), (7, 0), (9, 1), (6, 0), (8, 0), (2, 0), (4, 0)|(0, 0), (5, 0), (1, 0), (3, 0), (6, 0), (5, 1), (2, 0), (4, 0)|(0, 0), (1, 0), (3, 0), (3, 1), (2, 0)|(0, 0), (5, 0), (9, 0), (0, 1), (1, 0), (3, 0), (7, 0), (6, 0), (8, 0), (2, 0), (4, 0)|(0, 0), (5, 0), (1, 0), (3, 0), (6, 0), (3, 1), (2, 0), (4, 0)|(0, 0), (0, 1), (1, 0), (3, 0), (2, 0)
2015-10-12__12_10_40|14|allPlayers11_125__DS124|7|4|1216|1015|7|4|(0, 0), (5, 0), (9, 0), (1, 0), (3, 0), (7, 0), (10, 0), (6, 0), (8, 0), (2, 0), (4, 0)|(0, 0), (5, 0), (1, 0), (3, 0), (6, 0), (5, 1), (2, 0), (4, 0)|(0, 0), (1, 0), (3, 0), (2, 0), (4, 0)|(0, 0), (0, 3), (0, 1), (1, 2), (1, 0), (2, 3), (3, 0), (0, 2), (1, 3), (3, 3), (2, 0)|(0, 0), (0, 3), (0, 1), (1, 2), (1, 0), (0, 2), (1, 3), (1, 1)|(0, 0), (2, 1), (1, 0), (1, 1), (2, 0)
2015-10-12__12_10_40|2702|allPlayers11_125__DS131|8|3|943|1080|3|8|(0, 0), (1, 4), (0, 3), (1, 2), (2, 1), (1, 0), (2, 3), (0, 4), (1, 3), (2, 2), (1, 1)|(0, 0), (0, 5), (0, 3), (0, 1), (0, 4), (1, 5), (0, 6), (0, 2)|(0, 0), (0, 1), (1, 2), (1, 0), (0, 2)|(0, 0), (5, 0), (9, 0), (1, 0), (3, 0), (7, 0), (10, 0), (6, 0), (8, 0), (2, 0), (4, 0)|(0, 0), (5, 0), (1, 0), (3, 0), (6, 1), (6, 0), (2, 0), (4, 0)|(0, 0), (0, 1), (1, 0), (3, 0), (2, 0)
2015-10-12__12_10_40|1295|allPlayers11_125__DS134|8|6|925|1095|6|8|(0, 0), (1, 4), (0, 3), (1, 2), (2, 1), (1, 0), (2, 3), (0, 4), (1, 3), (2, 2), (1, 1)|(0, 0), (0, 5), (1, 6), (0, 3), (0, 1), (0, 4), (0, 6), (0, 2)|(0, 0), (0, 1), (1, 2), (1, 0), (0, 2)|(0, 0), (0, 5), (0, 10), (0, 7), (0, 8), (0, 3), (0, 1), (0, 4), (0, 6), (0, 9), (0, 2)|(0, 0), (0, 5), (0, 3), (0, 1), (1, 0), (0, 4), (0, 6), (0, 2)|(0, 0), (0, 3), (0, 1), (1, 0), (0, 2)
2015-10-12__12_10_40|13|allPlayers11_125__DS135|8|7|946|1069|7|8|(0, 0), (1, 4), (0, 3), (1, 2), (2, 1), (1, 0), (2, 3), (0, 4), (1, 3), (2, 2), (1, 1)|(0, 0), (0, 5), (1, 6), (0, 3), (0, 1), (0, 4), (0, 6), (0, 2)|(0, 0), (0, 1), (1, 2), (1, 0), (0, 2)|(0, 0), (5, 0), (9, 0), (1, 0), (3, 0), (7, 0), (10, 0), (6, 0), (8, 0), (2, 0), (4, 0)|(0, 0), (5, 0), (1, 0), (3, 0), (6, 1), (6, 0), (2, 0), (4, 0)|(0, 0), (1, 0), (3, 0), (3, 1), (2, 0)
2015-10-12__12_10_40|22|allPlayers11_125__DS137|9|1|1158|1054|9|1|(0, 0), (5, 0), (5, 4), (1, 0), (3, 0), (5, 2), (5, 5), (5, 1), (2, 0), (4, 0), (5, 3)|(0, 0), (2, 1), (1, 0), (3, 0), (4, 1), (3, 1), (2, 0), (1, 1)|(0, 0), (0, 1), (1, 0), (3, 0), (2, 0)|(0, 0), (0, 5), (0, 10), (0, 7), (0, 8), (0, 3), (0, 1), (0, 4), (0, 6), (0, 9), (0, 2)|(0, 0), (0, 5), (0, 7), (0, 3), (0, 1), (0, 4), (0, 6), (0, 2)|(0, 1), (2, 1), (1, 0), (2, 0), (1, 1)
2015-10-12__12_10_40|20|allPlayers11_125__DS138|9|2|1019|1229|2|9|(0, 0), (5, 0), (5, 4), (1, 0), (3, 0), (5, 2), (5, 5), (5, 1), (2, 0), (4, 0), (5, 3)|(0, 0), (2, 1), (1, 0), (3, 0), (4, 1), (3, 1), (2, 0), (1, 1)|(0, 0), (0, 1), (1, 0), (3, 0), (2, 0)|(0, 0), (5, 0), (9, 0), (1, 0), (3, 0), (7, 0), (10, 0), (6, 0), (8, 0), (2, 0), (4, 0)|(0, 0), (5, 0), (1, 0), (3, 0), (7, 0), (6, 0), (2, 0), (4, 0)|(0, 0), (1, 0), (3, 0), (3, 1), (2, 0)
2015-10-12__12_10_40|19|allPlayers11_125__DS140|9|4|935|983|4|9|(0, 0), (5, 0), (5, 4), (1, 0), (3, 0), (5, 2), (5, 5), (5, 1), (2, 0), (4, 0), (5, 3)|(0, 0), (2, 1), (1, 0), (3, 0), (4, 1), (3, 1), (2, 0), (1, 1)|(0, 0), (0, 1), (1, 0), (3, 0), (2, 0)|(0, 0), (0, 3), (0, 1), (1, 0), (2, 3), (3, 0), (0, 2), (1, 3), (3, 3), (3, 1), (2, 0)|(0, 0), (0, 3), (0, 1), (1, 2), (1, 0), (0, 2), (1, 3), (1, 1)|(0, 0), (1, 0), (3, 0), (2, 0), (4, 0)
2015-10-12__12_10_40|361|allPlayers11_125__DS142|9|6|974|1136|6|9|(0, 0), (5, 0), (5, 4), (1, 0), (3, 0), (5, 2), (5, 5), (5, 1), (2, 0), (4, 0), (5, 3)|(0, 0), (2, 1), (1, 0), (3, 0), (4, 1), (3, 1), (2, 0), (1, 1)|(0, 0), (1, 0), (3, 0), (2, 0), (4, 0)|(0, 0), (0, 5), (0, 10), (0, 7), (0, 8), (0, 3), (0, 1), (0, 4), (0, 6), (0, 9), (0, 2)|(0, 0), (0, 5), (0, 7), (0, 3), (0, 1), (0, 4), (0, 6), (0, 2)|(0, 0), (0, 3), (0, 1), (1, 0), (0, 2)
2015-10-12__12_10_40|15|allPlayers11_125__DS73|1|2|974|1031|2|1|(0, 0), (0, 5), (0, 7), (0, 8), (1, 9), (0, 3), (0, 1), (0, 4), (0, 6), (0, 9), (0, 2)|(0, 0), (0, 5), (0, 3), (0, 1), (0, 4), (0, 6), (0, 2), (1, 3)|(0, 1), (2, 1), (1, 0), (2, 0), (1, 1)|(0, 5), (1, 4), (5, 0), (3, 2), (4, 1), (2, 3), (1, 5), (4, 2), (3, 3), (2, 4), (5, 1)|(0, 0), (3, 4), (0, 1), (1, 2), (2, 3), (3, 3), (2, 2), (1, 1)|(0, 0), (1, 0), (3, 0), (3, 1), (2, 0)
2015-10-12__12_10_40|9|allPlayers11_125__DS75|1|4|887|1351|4|1|(0, 0), (0, 5), (0, 10), (0, 7), (0, 8), (0, 3), (0, 1), (0, 4), (0, 6), (0, 9), (0, 2)|(0, 0), (0, 5), (0, 3), (0, 1), (0, 4), (0, 6), (0, 2), (1, 3)|(0, 0), (0, 3), (0, 1), (0, 4), (0, 2)|(0, 0), (3, 2), (0, 3), (0, 1), (1, 0), (2, 3), (3, 0), (0, 2), (1, 3), (3, 3), (2, 0)|(0, 0), (0, 5), (0, 3), (0, 1), (1, 0), (0, 4), (0, 6), (0, 2)|(0, 0), (0, 1), (1, 0), (1, 1), (2, 0)
2015-10-12__12_10_40|375|allPlayers11_125__DS77|1|6|858|1219|6|1|(0, 0), (0, 5), (0, 7), (0, 8), (1, 9), (0, 3), (0, 1), (0, 4), (0, 6), (0, 9), (0, 2)|(0, 0), (0, 5), (0, 7), (0, 3), (0, 1), (0, 4), (0, 6), (0, 2)|(0, 1), (2, 1), (1, 0), (2, 0), (1, 1)|(0, 0), (0, 5), (5, 0), (0, 3), (0, 1), (1, 0), (3, 0), (0, 4), (0, 2), (2, 0), (4, 0)|(0, 0), (0, 3), (0, 1), (1, 2), (2, 1), (1, 0), (0, 2), (1, 1)|(0, 0), (0, 3), (0, 1), (1, 0), (0, 2)
2015-10-12__12_10_40|15|allPlayers11_125__DS78|1|7|894|1141|7|1|(0, 0), (0, 5), (0, 7), (0, 8), (1, 9), (0, 3), (0, 1), (0, 4), (0, 6), (0, 9), (0, 2)|(0, 0), (0, 5), (0, 3), (0, 1), (0, 4), (0, 6), (0, 2), (1, 3)|(0, 1), (2, 1), (1, 0), (2, 0), (1, 1)|(0, 0), (5, 0), (9, 0), (1, 0), (3, 0), (7, 0), (9, 1), (6, 0), (8, 0), (2, 0), (4, 0)|(0, 0), (5, 0), (1, 0), (3, 0), (6, 1), (6, 0), (2, 0), (4, 0)|(0, 0), (1, 0), (3, 0), (3, 1), (2, 0)
2015-10-12__12_10_40|16|allPlayers11_125__DS81|2|1|1035|941|2|1|(0, 5), (1, 4), (5, 0), (3, 2), (4, 1), (2, 3), (1, 5), (4, 2), (3, 3), (2, 4), (5, 1)|(0, 0), (3, 4), (0, 1), (1, 2), (2, 3), (3, 3), (2, 2), (1, 1)|(0, 0), (1, 0), (3, 0), (3, 1), (2, 0)|(0, 0), (0, 5), (0, 7), (0, 8), (1, 9), (0, 3), (0, 1), (0, 4), (0, 6), (0, 9), (0, 2)|(0, 0), (0, 5), (0, 3), (0, 1), (0, 4), (0, 6), (0, 2), (1, 3)|(0, 1), (2, 1), (1, 0), (2, 0), (1, 1)
2015-10-12__12_10_40|1337|allPlayers11_125__DS82|2|3|1021|994|2|3|(0, 5), (1, 4), (5, 0), (3, 2), (4, 1), (2, 3), (1, 5), (4, 2), (3, 3), (2, 4), (5, 1)|(0, 0), (3, 4), (0, 1), (1, 2), (2, 3), (3, 3), (2, 2), (1, 1)|(0, 0), (1, 0), (3, 0), (2, 0), (1, 1)|(0, 0), (5, 0), (9, 0), (1, 0), (3, 0), (7, 0), (9, 1), (6, 0), (8, 0), (2, 0), (4, 0)|(0, 0), (5, 0), (1, 0), (3, 0), (6, 1), (6, 0), (2, 0), (4, 0)|(0, 0), (0, 1), (1, 0), (3, 0), (2, 0)
2015-10-12__12_10_40|17|allPlayers11_125__DS83|2|4|1317|1065|2|4|(0, 0), (5, 0), (9, 0), (1, 0), (3, 0), (7, 0), (10, 0), (6, 0), (8, 0), (2, 0), (4, 0)|(0, 0), (5, 0), (1, 0), (3, 0), (6, 1), (6, 0), (2, 0), (4, 0)|(0, 0), (1, 0), (3, 0), (2, 0), (4, 0)|(0, 0), (0, 3), (0, 1), (1, 2), (1, 0), (2, 3), (3, 0), (0, 2), (1, 3), (3, 3), (2, 0)|(0, 0), (0, 5), (1, 6), (0, 3), (0, 1), (0, 4), (0, 6), (0, 2)|(0, 0), (2, 1), (1, 0), (1, 1), (2, 0)
2015-10-12__12_10_40|2827|allPlayers11_125__DS84|2|5|1334|973|2|5|(0, 0), (5, 0), (9, 0), (1, 0), (3, 0), (7, 0), (10, 0), (6, 0), (8, 0), (2, 0), (4, 0)|(0, 0), (5, 0), (1, 0), (3, 0), (7, 0), (6, 0), (2, 0), (4, 0)|(0, 0), (1, 0), (3, 0), (2, 0), (4, 0)|(0, 0), (3, 4), (4, 5), (0, 1), (1, 2), (2, 3), (5, 5), (3, 3), (4, 4), (2, 2), (1, 1)|(0, 0), (0, 1), (2, 1), (1, 2), (1, 0), (3, 0), (1, 1), (2, 0)|(0, 0), (0, 1), (1, 0), (1, 1), (2, 0)
2015-10-12__12_10_40|19|allPlayers11_125__DS86|2|7|988|1092|7|2|(0, 5), (1, 4), (5, 0), (3, 2), (4, 1), (2, 3), (1, 5), (4, 2), (3, 3), (2, 4), (5, 1)|(0, 0), (3, 4), (0, 1), (1, 2), (2, 3), (3, 3), (2, 2), (1, 1)|(0, 0), (1, 0), (3, 0), (2, 0), (1, 1)|(0, 0), (5, 0), (9, 0), (1, 0), (3, 0), (7, 0), (9, 1), (6, 0), (8, 0), (2, 0), (4, 0)|(0, 0), (5, 0), (1, 0), (3, 0), (6, 1), (6, 0), (2, 0), (4, 0)|(0, 0), (1, 0), (3, 0), (3, 1), (2, 0)
2015-10-12__12_10_40|187|allPlayers11_125__DS89|3|1|1146|933|3|1|(0, 0), (5, 0), (9, 0), (1, 0), (3, 0), (7, 0), (9, 1), (6, 0), (8, 0), (2, 0), (4, 0)|(0, 0), (5, 0), (1, 0), (3, 0), (6, 1), (6, 0), (2, 0), (4, 0)|(0, 0), (0, 1), (1, 0), (3, 0), (2, 0)|(0, 0), (0, 5), (0, 7), (0, 8), (1, 9), (0, 3), (0, 1), (0, 4), (0, 6), (0, 9), (0, 2)|(0, 0), (0, 5), (0, 3), (0, 1), (0, 4), (0, 6), (0, 2), (1, 3)|(0, 1), (2, 1), (1, 0), (2, 0), (1, 1)
2015-10-12__12_10_40|974|allPlayers11_125__DS90|3|2|971|1050|2|3|(0, 0), (5, 0), (9, 0), (1, 0), (3, 0), (7, 0), (9, 1), (6, 0), (8, 0), (2, 0), (4, 0)|(0, 0), (5, 0), (0, 1), (1, 0), (3, 0), (6, 0), (2, 0), (4, 0)|(0, 0), (0, 1), (1, 0), (3, 0), (2, 0)|(0, 5), (1, 4), (5, 0), (3, 2), (4, 1), (2, 3), (1, 5), (4, 2), (3, 3), (2, 4), (5, 1)|(0, 0), (3, 4), (0, 1), (1, 2), (2, 3), (3, 3), (2, 2), (1, 1)|(0, 0), (1, 0), (3, 0), (2, 0), (4, 0)
2015-10-12__12_10_40|184|allPlayers11_125__DS91|3|4|1042|892|3|4|(0, 0), (5, 0), (9, 0), (1, 0), (3, 0), (7, 0), (10, 0), (6, 0), (8, 0), (2, 0), (4, 0)|(0, 0), (5, 0), (1, 0), (3, 0), (6, 0), (5, 1), (2, 0), (4, 0)|(0, 0), (1, 0), (3, 0), (3, 1), (2, 0)|(0, 0), (0, 3), (0, 1), (1, 0), (2, 3), (3, 0), (0, 2), (1, 3), (3, 3), (2, 2), (2, 0)|(0, 0), (0, 3), (0, 1), (1, 2), (1, 0), (0, 2), (1, 3), (1, 1)|(0, 0), (0, 3), (0, 1), (0, 2), (1, 3)
2015-10-12__12_10_41|8|allPlayers11_125__DS97|4|1|1341|955|4|1|(0, 0), (0, 3), (0, 1), (1, 0), (2, 3), (3, 0), (0, 2), (1, 3), (3, 3), (3, 1), (2, 0)|(0, 0), (0, 5), (1, 6), (0, 3), (0, 1), (0, 4), (0, 6), (0, 2)|(0, 0), (0, 1), (2, 1), (1, 0), (1, 1)|(0, 0), (0, 5), (0, 10), (0, 7), (0, 8), (0, 3), (0, 1), (0, 4), (0, 6), (0, 9), (0, 2)|(0, 0), (0, 5), (0, 3), (0, 1), (0, 4), (0, 6), (0, 2), (1, 3)|(0, 0), (0, 3), (0, 1), (0, 4), (0, 2)
2015-10-12__12_10_40|16|allPlayers11_125__DS98|4|2|1028|1417|2|4|(0, 0), (0, 3), (0, 1), (1, 0), (2, 3), (3, 0), (0, 2), (1, 3), (3, 3), (2, 2), (2, 0)|(0, 0), (0, 5), (1, 6), (0, 3), (0, 1), (0, 4), (0, 6), (0, 2)|(0, 0), (0, 1), (2, 1), (1, 0), (2, 0)|(0, 0), (5, 0), (9, 0), (1, 0), (3, 0), (7, 0), (10, 0), (6, 0), (8, 0), (2, 0), (4, 0)|(0, 0), (5, 0), (1, 0), (3, 0), (6, 1), (6, 0), (2, 0), (4, 0)|(0, 0), (1, 0), (3, 0), (2, 0), (4, 0)
2015-10-12__12_10_40|190|allPlayers11_125__DS99|4|3|952|1006|3|4|(0, 0), (3, 2), (0, 3), (0, 1), (1, 0), (2, 3), (3, 0), (0, 2), (1, 3), (3, 3), (2, 0)|(0, 0), (0, 5), (0, 3), (0, 1), (1, 0), (0, 4), (0, 6), (0, 2)|(0, 0), (0, 3), (0, 1), (1, 0), (0, 2)|(0, 0), (5, 0), (9, 0), (1, 0), (3, 0), (7, 0), (10, 0), (6, 0), (8, 0), (2, 0), (4, 0)|(0, 0), (5, 0), (0, 1), (1, 0), (3, 0), (6, 0), (2, 0), (4, 0)|(0, 0), (0, 3), (0, 1), (0, 2), (1, 3)
2015-10-12__12_10_40|9|allPlayers11_125__DS147|1|4|887|1354|4|1|(0, 0), (0, 5), (0, 10), (0, 7), (0, 8), (0, 3), (0, 1), (0, 4), (0, 6), (0, 9), (0, 2)|(0, 0), (0, 5), (0, 3), (0, 1), (0, 4), (0, 6), (0, 2), (1, 3)|(0, 0), (0, 3), (0, 1), (0, 4), (0, 2)|(0, 0), (3, 2), (0, 3), (0, 1), (1, 0), (2, 3), (3, 0), (0, 2), (1, 3), (3, 3), (2, 0)|(0, 0), (0, 5), (1, 6), (0, 3), (0, 1), (0, 4), (0, 6), (0, 2)|(0, 0), (0, 1), (1, 0), (1, 1), (2, 0)
2015-10-12__12_10_40|390|allPlayers11_125__DS149|1|6|858|1237|6|1|(0, 0), (0, 5), (0, 7), (0, 8), (1, 9), (0, 3), (0, 1), (0, 4), (0, 6), (0, 9), (0, 2)|(0, 0), (0, 5), (0, 7), (0, 3), (0, 1), (0, 4), (0, 6), (0, 2)|(0, 1), (2, 1), (1, 0), (2, 0), (1, 1)|(0, 0), (0, 5), (5, 0), (0, 3), (0, 1), (1, 0), (3, 0), (0, 4), (0, 2), (2, 0), (4, 0)|(0, 0), (0, 3), (0, 1), (1, 2), (2, 1), (1, 0), (0, 2), (1, 1)|(0, 0), (0, 3), (0, 1), (1, 0), (0, 2)
2015-10-12__12_10_40|15|allPlayers11_125__DS153|2|1|1035|941|2|1|(0, 5), (1, 4), (5, 0), (3, 2), (4, 1), (2, 3), (1, 5), (4, 2), (3, 3), (2, 4), (5, 1)|(0, 0), (3, 4), (0, 1), (1, 2), (2, 3), (3, 3), (2, 2), (1, 1)|(0, 0), (1, 0), (3, 0), (3, 1), (2, 0)|(0, 0), (0, 5), (0, 7), (0, 8), (1, 9), (0, 3), (0, 1), (0, 4), (0, 6), (0, 9), (0, 2)|(0, 0), (0, 5), (0, 3), (0, 1), (0, 4), (0, 6), (0, 2), (1, 3)|(0, 1), (2, 1), (1, 0), (2, 0), (1, 1)
2015-10-12__12_10_40|18|allPlayers11_125__DS159|2|8|1087|979|2|8|(0, 0), (5, 0), (9, 0), (1, 0), (3, 0), (7, 0), (10, 0), (6, 0), (8, 0), (2, 0), (4, 0)|(0, 0), (5, 0), (1, 0), (3, 0), (6, 1), (6, 0), (2, 0), (4, 0)|(0, 0), (1, 0), (3, 0), (3, 1), (2, 0)|(0, 0), (1, 4), (0, 3), (1, 2), (2, 1), (1, 0), (2, 3), (0, 4), (1, 3), (2, 2), (1, 1)|(0, 0), (0, 5), (1, 6), (0, 3), (0, 1), (0, 4), (0, 6), (0, 2)|(0, 0), (0, 1), (1, 2), (1, 0), (0, 2)
2015-10-12__12_10_41|195|allPlayers11_125__DS163|3|4|968|968|4|4|(0, 0), (5, 0), (9, 0), (1, 0), (3, 0), (7, 0), (10, 0), (6, 0), (8, 0), (2, 0), (4, 0)|(0, 0), (5, 0), (1, 0), (3, 0), (6, 1), (6, 0), (2, 0), (4, 0)|(0, 0), (0, 1), (1, 0), (3, 0), (2, 0)|(0, 0), (0, 3), (0, 1), (1, 0), (2, 3), (3, 0), (0, 2), (1, 3), (3, 3), (3, 1), (2, 0)|(0, 0), (0, 5), (1, 6), (0, 3), (0, 1), (0, 4), (0, 6), (0, 2)|(0, 0), (0, 3), (0, 1), (1, 0), (0, 2)
2015-10-12__12_10_40|129|allPlayers11_125__DS166|3|7|1001|1011|7|3|(0, 0), (5, 0), (9, 0), (0, 1), (1, 0), (3, 0), (7, 0), (6, 0), (8, 0), (2, 0), (4, 0)|(0, 0), (5, 0), (0, 1), (1, 0), (3, 0), (6, 0), (2, 0), (4, 0)|(0, 0), (1, 0), (3, 0), (2, 0), (1, 1)|(0, 0), (5, 0), (9, 0), (1, 0), (3, 0), (7, 0), (9, 1), (6, 0), (8, 0), (2, 0), (4, 0)|(0, 0), (5, 0), (1, 0), (3, 0), (6, 1), (6, 0), (2, 0), (4, 0)|(0, 0), (2, 1), (1, 0), (3, 0), (2, 0)
2015-10-12__12_10_40|2584|allPlayers11_125__DS167|3|8|1082|950|3|8|(0, 0), (5, 0), (9, 0), (1, 0), (3, 0), (7, 0), (10, 0), (6, 0), (8, 0), (2, 0), (4, 0)|(0, 0), (5, 0), (1, 0), (3, 0), (6, 1), (6, 0), (2, 0), (4, 0)|(0, 0), (1, 0), (3, 0), (3, 1), (2, 0)|(0, 0), (1, 4), (0, 3), (1, 2), (2, 1), (1, 0), (2, 3), (0, 4), (1, 3), (2, 2), (1, 1)|(0, 0), (0, 5), (1, 6), (0, 3), (0, 1), (0, 4), (0, 6), (0, 2)|(0, 0), (0, 1), (1, 2), (1, 0), (0, 2)
2015-10-12__12_10_41|15|allPlayers11_125__DS170|4|2|1038|1417|2|4|(0, 0), (0, 3), (0, 1), (1, 0), (2, 3), (3, 0), (0, 2), (1, 3), (3, 3), (3, 1), (2, 0)|(0, 0), (0, 5), (1, 6), (0, 3), (0, 1), (0, 4), (0, 6), (0, 2)|(0, 0), (0, 1), (2, 1), (1, 0), (1, 1)|(0, 0), (5, 0), (9, 0), (1, 0), (3, 0), (7, 0), (10, 0), (6, 0), (8, 0), (2, 0), (4, 0)|(0, 0), (5, 0), (1, 0), (3, 0), (6, 1), (6, 0), (2, 0), (4, 0)|(0, 0), (1, 0), (3, 0), (2, 0), (4, 0)
2015-10-12__12_10_40|355|allPlayers11_125__DS173|4|6|1126|1141|6|4|(0, 0), (0, 3), (0, 1), (1, 0), (2, 3), (3, 0), (0, 2), (1, 3), (3, 3), (1, 1), (2, 0)|(0, 0), (0, 5), (1, 6), (0, 3), (0, 1), (0, 4), (0, 6), (0, 2)|(0, 1), (2, 1), (1, 0), (1, 1), (2, 0)|(0, 0), (0, 5), (0, 10), (0, 7), (0, 8), (0, 3), (0, 1), (0, 4), (0, 6), (0, 9), (0, 2)|(0, 0), (0, 5), (0, 3), (0, 1), (0, 4), (0, 6), (0, 2), (1, 1)|(0, 0), (0, 3), (0, 1), (0, 4), (0, 2)
2015-10-12__12_10_41|755|allPlayers11_125__DS179|5|3|992|1224|3|5|(0, 0), (3, 4), (4, 5), (0, 1), (1, 2), (2, 3), (5, 5), (3, 3), (4, 4), (2, 2), (1, 1)|(0, 0), (0, 1), (2, 1), (1, 2), (1, 0), (3, 0), (1, 1), (2, 0)|(0, 0), (0, 1), (1, 0), (1, 1), (2, 0)|(0, 0), (5, 0), (9, 0), (1, 0), (3, 0), (7, 0), (10, 0), (6, 0), (8, 0), (2, 0), (4, 0)|(0, 0), (5, 0), (1, 0), (3, 0), (7, 0), (6, 0), (2, 0), (4, 0)|(0, 0), (1, 0), (3, 0), (2, 0), (4, 0)
2015-10-12__12_10_41|1550|allPlayers11_125__DS180|5|4|1052|845|5|4|(0, 0), (3, 4), (4, 5), (0, 1), (1, 2), (2, 3), (5, 5), (3, 3), (4, 4), (2, 2), (1, 1)|(0, 0), (0, 1), (2, 1), (1, 2), (1, 0), (3, 0), (1, 1), (2, 0)|(0, 0), (0, 1), (2, 1), (1, 0), (1, 1)|(0, 0), (0, 3), (0, 1), (1, 0), (2, 3), (3, 0), (0, 2), (1, 3), (3, 3), (1, 1), (2, 0)|(0, 0), (5, 0), (1, 0), (3, 0), (7, 0), (6, 0), (2, 0), (4, 0)|(0, 0), (1, 0), (3, 0), (2, 0), (4, 0)
2015-10-12__12_10_40|353|allPlayers11_125__DS185|6|1|1253|854|6|1|(0, 0), (0, 5), (5, 0), (0, 3), (0, 1), (1, 0), (3, 0), (0, 4), (0, 2), (2, 0), (4, 0)|(0, 0), (0, 3), (0, 1), (1, 2), (2, 1), (1, 0), (0, 2), (1, 1)|(0, 0), (0, 3), (0, 1), (1, 0), (0, 2)|(0, 0), (0, 5), (0, 7), (0, 8), (1, 9), (0, 3), (0, 1), (0, 4), (0, 6), (0, 9), (0, 2)|(0, 0), (0, 5), (0, 7), (0, 3), (0, 1), (0, 4), (0, 6), (0, 2)|(0, 1), (2, 1), (1, 0), (2, 0), (1, 1)
2015-10-12__12_10_41|398|allPlayers11_125__DS186|6|2|1022|893|6|2|(0, 0), (0, 5), (5, 0), (0, 3), (0, 1), (1, 0), (3, 0), (0, 4), (0, 2), (2, 0), (4, 0)|(0, 0), (0, 3), (0, 1), (1, 2), (2, 1), (1, 0), (0, 2), (1, 1)|(0, 0), (0, 3), (0, 1), (0, 2), (1, 1)|(0, 5), (1, 4), (5, 0), (3, 2), (4, 1), (2, 3), (1, 5), (4, 2), (3, 3), (2, 4), (5, 1)|(0, 0), (5, 0), (1, 0), (3, 0), (7, 0), (6, 0), (2, 0), (4, 0)|(0, 0), (0, 1), (1, 2), (2, 2), (1, 1)
2015-10-12__12_10_40|357|allPlayers11_125__DS188|6|4|940|881|6|4|(0, 0), (0, 5), (0, 10), (0, 7), (0, 8), (0, 3), (0, 1), (0, 4), (0, 6), (0, 9), (0, 2)|(0, 0), (0, 5), (0, 3), (0, 1), (0, 4), (0, 6), (0, 2), (1, 1)|(0, 0), (0, 1), (1, 2), (0, 2), (1, 3)|(0, 0), (0, 3), (0, 1), (2, 1), (1, 0), (2, 3), (3, 0), (0, 2), (1, 3), (3, 3), (2, 0)|(0, 0), (0, 5), (1, 6), (0, 3), (0, 1), (0, 4), (0, 6), (0, 2)|(0, 0), (0, 3), (0, 1), (1, 0), (0, 2)
2015-10-12__12_10_41|358|allPlayers11_125__DS190|6|7|1024|1003|6|7|(0, 0), (0, 5), (5, 0), (0, 3), (0, 1), (1, 0), (3, 0), (0, 4), (0, 2), (2, 0), (4, 0)|(0, 0), (0, 3), (0, 1), (1, 2), (2, 1), (1, 0), (0, 2), (1, 1)|(0, 0), (0, 3), (0, 1), (0, 2), (1, 1)|(0, 0), (5, 0), (9, 0), (1, 0), (3, 0), (7, 0), (9, 1), (6, 0), (8, 0), (2, 0), (4, 0)|(0, 0), (5, 0), (1, 0), (3, 0), (7, 0), (6, 0), (2, 0), (4, 0)|(0, 0), (0, 1), (1, 0), (3, 0), (2, 0)
2015-10-12__12_10_41|76|allPlayers11_125__DS195|7|3|1068|997|7|3|(0, 0), (5, 0), (9, 0), (1, 0), (3, 0), (7, 0), (9, 1), (6, 0), (8, 0), (2, 0), (4, 0)|(0, 0), (5, 0), (1, 0), (3, 0), (6, 1), (6, 0), (2, 0), (4, 0)|(0, 0), (1, 0), (3, 0), (3, 1), (2, 0)|(0, 0), (5, 0), (9, 0), (0, 1), (1, 0), (3, 0), (7, 0), (6, 0), (8, 0), (2, 0), (4, 0)|(0, 0), (5, 0), (0, 1), (1, 0), (3, 0), (6, 0), (2, 0), (4, 0)|(0, 0), (0, 1), (1, 0), (3, 0), (2, 0)
2015-10-12__12_10_40|344|allPlayers11_125__DS198|7|6|1034|1001|7|6|(0, 0), (5, 0), (9, 0), (1, 0), (3, 0), (7, 0), (9, 1), (6, 0), (8, 0), (2, 0), (4, 0)|(0, 0), (5, 0), (1, 0), (3, 0), (7, 0), (6, 0), (2, 0), (4, 0)|(0, 0), (0, 1), (1, 0), (3, 0), (2, 0)|(0, 0), (0, 5), (5, 0), (0, 3), (0, 1), (1, 0), (3, 0), (0, 4), (0, 2), (2, 0), (4, 0)|(0, 0), (0, 3), (0, 1), (1, 2), (2, 1), (1, 0), (0, 2), (1, 1)|(0, 0), (0, 3), (0, 1), (0, 2), (1, 1)
2015-10-12__12_10_41|17|allPlayers11_125__DS202|8|2|944|1114|2|8|(0, 0), (1, 4), (0, 3), (1, 2), (2, 1), (1, 0), (2, 3), (0, 4), (1, 3), (2, 2), (1, 1)|(0, 0), (0, 5), (1, 6), (0, 3), (0, 1), (0, 4), (0, 6), (0, 2)|(0, 0), (0, 1), (1, 2), (1, 0), (0, 2)|(0, 0), (5, 0), (9, 0), (1, 0), (3, 0), (7, 0), (10, 0), (6, 0), (8, 0), (2, 0), (4, 0)|(0, 0), (5, 0), (1, 0), (3, 0), (6, 1), (6, 0), (2, 0), (4, 0)|(0, 0), (1, 0), (3, 0), (3, 1), (2, 0)
2015-10-12__12_10_40|15|allPlayers11_125__DS207|8|7|972|1061|7|8|(0, 0), (1, 4), (0, 3), (1, 2), (2, 1), (1, 0), (2, 3), (0, 4), (1, 3), (2, 2), (1, 1)|(0, 0), (0, 5), (1, 6), (0, 3), (0, 1), (0, 4), (0, 6), (0, 2)|(0, 0), (0, 1), (1, 2), (1, 0), (0, 2)|(0, 0), (5, 0), (9, 0), (1, 0), (3, 0), (7, 0), (10, 0), (6, 0), (8, 0), (2, 0), (4, 0)|(0, 0), (5, 0), (1, 0), (3, 0), (6, 1), (6, 0), (2, 0), (4, 0)|(0, 0), (1, 0), (3, 0), (3, 1), (2, 0)
2015-10-12__12_10_41|21|allPlayers11_125__DS209|9|1|1163|1038|9|1|(0, 0), (5, 0), (5, 4), (1, 0), (3, 0), (5, 2), (5, 5), (5, 1), (2, 0), (4, 0), (5, 3)|(0, 0), (2, 1), (1, 0), (3, 0), (4, 1), (3, 1), (2, 0), (1, 1)|(0, 0), (0, 1), (1, 0), (3, 0), (2, 0)|(0, 0), (0, 5), (0, 10), (0, 7), (0, 8), (0, 3), (0, 1), (0, 4), (0, 6), (0, 9), (0, 2)|(0, 0), (0, 5), (0, 7), (0, 3), (0, 1), (0, 4), (0, 6), (0, 2)|(0, 1), (2, 1), (1, 0), (2, 0), (1, 1)
2015-10-12__12_10_41|307|allPlayers11_125__DS211|9|3|983|1209|3|9|(0, 0), (5, 0), (5, 4), (1, 0), (3, 0), (5, 2), (5, 5), (5, 1), (2, 0), (4, 0), (5, 3)|(0, 0), (2, 1), (1, 0), (3, 0), (4, 1), (3, 1), (2, 0), (1, 1)|(0, 0), (0, 1), (1, 0), (3, 0), (2, 0)|(0, 0), (5, 0), (9, 0), (1, 0), (3, 0), (7, 0), (10, 0), (6, 0), (8, 0), (2, 0), (4, 0)|(0, 0), (5, 0), (1, 0), (3, 0), (7, 0), (6, 0), (2, 0), (4, 0)|(0, 0), (1, 0), (3, 0), (3, 1), (2, 0)
2015-10-12__12_10_41|602|allPlayers11_125__DS213|9|5|1032|1188|5|9|(0, 0), (5, 0), (5, 4), (1, 0), (3, 0), (5, 2), (5, 5), (5, 1), (2, 0), (4, 0), (5, 3)|(0, 0), (2, 1), (1, 0), (3, 0), (4, 1), (3, 1), (2, 0), (1, 1)|(0, 0), (1, 0), (3, 0), (2, 0), (4, 0)|(0, 0), (3, 4), (4, 5), (0, 1), (1, 2), (2, 3), (5, 5), (3, 3), (4, 4), (2, 2), (1, 1)|(0, 0), (0, 1), (2, 1), (1, 2), (1, 0), (3, 0), (1, 1), (2, 0)|(0, 0), (0, 1), (1, 0), (1, 1), (2, 0)
2015-10-12__12_10_41|20|allPlayers11_125__DS216|9|8|1026|1002|9|8|(0, 0), (5, 0), (5, 4), (1, 0), (3, 0), (5, 2), (5, 5), (5, 1), (2, 0), (4, 0), (5, 3)|(0, 0), (2, 1), (1, 0), (3, 0), (4, 1), (3, 1), (2, 0), (1, 1)|(0, 0), (0, 1), (1, 0), (3, 0), (2, 0)|(0, 0), (1, 4), (0, 3), (1, 2), (2, 1), (1, 0), (2, 3), (0, 4), (1, 3), (2, 2), (1, 1)|(0, 0), (1, 4), (0, 1), (1, 2), (1, 0), (0, 2), (1, 3), (1, 1)|(0, 0), (0, 1), (1, 2), (1, 0), (0, 2)